delta-sat with the following box:
	x : [0.0007720404443770459, 0.001544080888754092];
	y : [3.162277283195483, 3.16227756592516];
	z : [10, 10]